92.07
23.40
59.18
21.96
94.80
9.91
106.00
95.10
43.16
93.14
9.33
17.26
98.24
43.89
26.41
32.08
60.76
55.51
47.61
11.92
0.49
74.08
67.05
11.17
101.58
0.36
85.07
55.10
70.05
66.98
70.64
88.89
34.95
35.15
31.49
37.09
83.13
14.79
86.34
50.56
27.50
77.82
30.78
95.96
72.61
53.29
87.99
86.06
10.46
72.45
22.88
93.51
8.62
12.94
11.84
55.88
32.42
49.32
89.86
41.34
89.57
70.00
73.24
75.18
85.38
77.54
110.89
86.12
8.69
86.90
2.79
4.92
32.51
94.16
87.63
91.88
99.94
37.47
99.85
40.63
110.69
15.74
69.99
44.28
40.81
81.24
93.18
31.79
9.05
82.21
89.05
80.83
57.18
29.71
40.89
73.95
55.42
93.46
40.10
59.44